  2.2926267e+000  5.0730994e+000
  2.3387097e+000  5.4532164e+000
  2.5230415e+000  3.9035088e+000
  2.5921659e+000  4.8976608e+000
  2.5921659e+000  5.7748538e+000
  2.6152074e+000  3.5526316e+000
  2.6612903e+000  4.4590643e+000
  2.8456221e+000  3.1140351e+000
  3.0529954e+000  6.1842105e+000
  3.0990783e+000  2.8216374e+000
  3.3294931e+000  2.6169591e+000
  3.4677419e+000  6.2719298e+000
  3.5599078e+000  2.3538012e+000
  3.6981567e+000  6.3304094e+000
  4.0207373e+000  2.2953216e+000
  4.2511521e+000  6.2426901e+000
  4.5737327e+000  2.2953216e+000
  4.7119816e+000  6.1842105e+000
  5.1958525e+000  2.5584795e+000
  5.4953917e+000  5.9210526e+000
  5.5875576e+000  2.9678363e+000
  5.7488479e+000  3.2309942e+000
  5.8410138e+000  3.6111111e+000
  5.9331797e+000  5.3947368e+000
  5.9792627e+000  4.1666667e+000
  6.0253456e+000  5.0146199e+000
